--------------------------------------------------------------------------------------
Simulation: 2f08f449-6415-452f-9204-798b6a958ee0
--------------------------------------------------------------------------------------
0000		1
0100		1
1000		0
1100		1
2000		1746
3000		1747
7000		222
8888		0
9000		0
9999		0

Total = 3718
--------------------------------------------------------------------------------------
Simulation: 35b3c4ac-de99-4b78-9864-71b426493876
--------------------------------------------------------------------------------------
0000		1
0100		1
1000		1
1100		1
2000		1747
3000		1746
7000		222
8888		0
9000		3
9999		0

Total = 3722
