--------------------------------------------------------------------------------------
Simulation: 16dad902-cddb-44ae-803b-f649a1124fff
--------------------------------------------------------------------------------------
0000		1
0100		0
1000		0
1100		0
2000		0
3000		0
7000		0
8888		0
9000		0
9999		0

--------------------------------------------------------------------------------------
Simulation: a6bde06a-839a-4576-9629-1bc07463802e
--------------------------------------------------------------------------------------
0000		1
0100		0
1000		0
1100		0
2000		0
3000		0
7000		0
8888		0
9000		0
9999		0

--------------------------------------------------------------------------------------
Simulation: e18b6143-ec32-420d-a313-fedc8cae78b3
--------------------------------------------------------------------------------------
0000		1
0100		1
1000		1
1100		2
2000		11428
3000		11430
7000		666
8888		0
9000		0
9999		0

