--------------------------------------------------------------------------------------
Simulation: 
--------------------------------------------------------------------------------------
0000		0
0100		0
1000		1
1100		0
2000		0
3000		0
7000		0
8888		0
9000		0
9999		0

--------------------------------------------------------------------------------------
Simulation: 01cede8c-af5e-4955-91c2-e74925da7a7d
--------------------------------------------------------------------------------------
0000		1
0100		0
1000		0
1100		1
2000		22243
3000		22244
7000		1308
8888		0
9000		0
9999		0

